117,160
13,147
89,142
88,20
51,29
81,71
61,140
44,89
62,88
82,100
120,160
1,1,1,1,1,1,1,1,1,1,1,1,1,1,1,1,1,0,1,0,1,1,1,1,0,1,0,1,0,1,1,0,1,1,1,1,1,1,1,a2,1,a4,1,1,1,1,1,1,1,1,1,1,1,1,0,0,0,1,0,1,1,1,0,1,1,1,1,1,0,1,1,0,1,1,1,1,1,1,1,1,1,1,0,1,0,1,1,0,1,1,1,1,0,1,1,1,0,1,1,1,1,0,1,1,1,1,1,1,1,0,1,1,0,0,1,1,1,1,1,1,1,0,1,1,a1,1,1,1,1,1,0,1,1,1,0,0,1,1,1,0,0,0,1,1,1,1,1,1,1,1,1,1,1,0,1,1,1,0,1,1
1,0,0,1,1,1,1,1,0,1,1,1,1,1,0,1,0,1,0,1,1,1,0,1,1,1,1,0,1,1,1,1,0,0,1,1,1,1,1,a2,1,a4,1,0,1,1,1,1,1,1,1,1,0,0,1,1,1,0,1,1,1,1,1,0,1,1,0,0,1,0,0,1,1,1,0,0,0,0,0,1,1,1,1,1,1,1,1,1,1,0,1,1,0,1,1,1,1,1,1,0,1,1,0,1,1,1,0,1,1,1,1,1,0,0,1,1,1,1,1,1,1,1,1,1,a1,1,1,1,1,1,1,0,1,0,1,0,1,1,1,1,1,1,1,1,1,1,1,1,1,1,1,1,1,1,1,1,1,0,1,1
0,1,1,1,1,1,0,1,1,1,0,0,1,0,0,1,1,0,1,1,1,1,1,1,1,1,0,1,0,1,1,1,1,1,1,1,1,0,1,a2,1,a4,1,1,1,0,1,1,1,1,1,1,0,1,1,1,1,0,1,0,1,1,1,1,0,1,0,1,1,1,1,1,1,1,0,1,0,0,0,1,1,1,0,0,1,1,1,1,1,1,1,1,1,0,1,1,1,1,1,1,1,1,1,1,1,1,1,1,1,1,1,1,0,1,1,1,1,1,1,1,1,0,1,1,a1,1,1,1,1,1,1,1,1,0,0,1,1,1,1,1,1,1,1,0,1,1,1,1,1,1,1,1,0,1,1,1,0,0,1,0
1,1,1,1,1,1,1,1,1,1,1,1,1,1,1,1,0,0,1,0,1,1,1,1,1,1,1,1,0,1,1,1,1,1,1,1,1,1,1,a2,1,a4,1,1,1,1,0,1,1,1,1,0,1,1,1,1,1,0,1,1,0,0,1,1,1,1,1,0,1,1,1,1,1,1,1,0,1,1,1,1,1,1,1,1,1,1,1,1,1,1,0,0,1,1,1,1,1,1,0,1,1,1,1,1,1,1,1,1,1,1,1,1,1,1,1,0,1,1,1,1,1,1,1,1,a1,1,0,0,1,0,1,1,1,1,1,0,1,1,0,1,1,1,1,1,1,0,1,1,1,1,1,0,1,1,1,0,1,1,1,1
1,0,0,1,1,1,1,1,0,0,1,1,1,1,1,1,1,1,0,0,0,1,1,1,1,0,1,1,1,0,1,1,1,1,1,0,1,1,1,a2,1,a4,1,1,1,1,1,0,1,1,1,0,1,0,1,1,0,1,0,1,1,1,1,0,1,1,1,1,1,0,0,1,0,1,1,0,0,1,1,0,1,0,1,1,0,0,1,1,0,1,1,1,0,1,1,1,1,1,1,1,0,1,1,0,1,1,1,1,1,0,1,1,0,1,1,1,1,1,1,1,1,1,1,1,a1,1,1,1,1,1,1,1,1,1,1,0,0,0,1,1,1,1,1,0,1,1,1,0,1,1,1,1,1,1,1,1,1,1,1,1
0,1,1,1,1,1,1,1,1,1,1,1,1,1,1,1,1,1,1,1,1,1,0,0,1,1,0,1,1,0,1,1,1,1,1,1,1,0,1,a2,1,a4,a4,a4,a4,a4,a4,a4,a4,a4,a4,a4,a4,a4,a4,a4,a4,a4,a4,a4,a4,1,1,1,1,1,1,1,1,1,1,1,1,1,1,0,1,1,0,1,1,1,1,1,0,0,0,1,1,1,0,1,1,1,1,1,1,1,1,1,1,1,1,1,0,1,0,1,1,1,1,1,1,1,1,1,1,1,1,1,1,1,1,0,a1,1,1,0,1,1,1,1,1,1,1,1,0,1,1,1,1,1,1,1,1,1,1,1,1,0,1,1,1,1,1,0,1,1,1,1
1,1,1,1,1,1,0,1,1,1,1,0,1,1,0,0,1,1,1,0,1,1,0,1,1,1,0,1,1,0,1,1,1,1,0,1,0,1,1,a2,1,1,1,1,1,1,1,1,1,0,1,1,0,1,1,1,1,1,1,0,a4,0,0,0,0,0,1,1,1,1,0,1,0,1,1,1,1,0,1,0,1,1,1,1,0,1,1,1,0,1,1,1,1,1,1,1,1,1,1,0,1,1,1,0,1,1,1,1,1,1,1,1,1,1,0,1,1,0,0,1,1,1,1,1,a1,1,0,1,1,1,1,1,1,1,1,1,0,1,1,1,1,1,1,1,1,1,1,1,1,0,1,0,0,1,0,1,1,0,1,1
1,1,1,1,1,1,1,0,0,1,1,1,1,0,1,1,1,1,0,1,1,1,1,1,1,0,1,1,1,1,1,1,0,1,1,1,1,1,1,a2,1,1,1,1,1,1,0,1,0,1,0,1,1,1,1,1,1,1,1,1,a4,0,1,1,0,0,1,1,1,0,1,0,1,1,0,1,1,1,1,1,1,0,1,1,1,1,1,1,1,1,1,1,1,1,1,1,1,0,1,0,1,1,1,1,1,1,1,1,1,1,1,1,0,1,1,1,1,0,1,1,1,1,1,0,a1,1,1,1,0,1,1,1,1,1,1,1,1,0,1,1,0,1,1,0,1,1,1,0,0,1,1,1,1,0,0,0,1,1,1,0
0,1,1,1,1,1,1,1,1,1,0,1,1,1,1,0,1,0,1,1,1,1,1,1,0,1,1,1,1,0,1,0,1,1,1,0,1,1,1,a2,1,1,1,1,1,1,1,0,1,1,1,1,1,1,1,1,1,1,1,1,a4,1,1,1,1,1,0,1,0,1,1,1,1,1,0,0,1,1,1,1,1,1,0,1,1,1,0,0,0,0,1,1,1,0,1,1,1,1,1,1,1,1,1,1,0,1,1,1,0,1,1,1,0,1,1,1,1,1,1,1,1,1,0,1,a1,0,1,1,1,1,1,0,1,1,0,1,1,1,1,1,1,0,0,0,1,1,1,1,1,1,0,0,0,1,0,0,1,1,1,1
a3,a3,a3,a3,a3,a3,a3,a3,a3,a3,a3,a3,a3,a3,a3,a3,a3,a3,a3,a3,1,0,0,1,0,1,0,1,1,1,1,0,1,0,1,1,1,0,1,a2,1,1,1,0,1,1,1,1,1,1,1,0,1,0,1,1,1,1,1,0,a4,1,1,0,1,1,1,0,1,1,1,1,1,1,0,1,0,1,1,1,1,1,1,1,0,1,0,1,0,1,0,1,1,1,1,1,1,1,1,1,1,1,1,1,0,1,1,1,1,1,1,1,1,1,0,1,1,1,0,1,1,1,0,0,a1,1,1,1,1,0,0,1,1,0,1,0,1,1,1,1,0,0,1,1,1,1,1,0,1,0,0,1,1,1,1,1,0,1,1,1
1,0,1,1,1,1,0,1,1,1,0,1,1,1,1,1,0,1,0,a3,0,1,1,1,1,0,1,0,1,0,1,1,0,0,0,1,1,1,1,a2,1,0,1,1,0,1,1,1,0,1,0,1,1,1,1,0,1,1,1,0,a4,1,1,1,1,1,1,1,1,0,0,1,0,1,1,1,1,1,1,1,1,0,1,1,1,1,1,1,0,1,1,1,1,1,1,1,0,1,1,1,1,0,1,0,1,1,1,1,1,1,0,1,1,1,1,1,1,1,0,1,1,1,0,1,a1,1,1,1,0,1,1,1,0,1,1,1,1,1,0,1,0,0,1,1,0,1,1,1,1,1,1,1,1,1,0,1,1,0,1,1
1,1,1,0,1,1,1,1,1,1,1,1,1,0,1,0,1,1,1,a3,1,1,1,1,1,1,1,1,1,1,0,0,1,1,0,1,1,1,1,a2,1,1,1,1,1,1,1,1,1,0,1,0,1,0,1,0,0,1,1,1,a4,1,1,0,1,1,1,0,1,1,1,1,1,1,1,1,0,0,1,0,1,1,1,1,1,1,1,1,1,1,1,1,1,1,1,0,1,1,1,1,1,1,1,1,1,1,1,1,1,1,1,1,1,1,1,1,1,1,1,1,1,1,1,0,a1,0,1,0,0,1,0,1,1,1,1,1,0,0,1,1,0,1,0,1,1,0,0,1,1,1,0,1,1,1,1,0,1,0,1,1
1,1,0,1,0,0,1,1,1,1,1,1,1,0,1,0,0,1,0,a3,1,1,1,1,1,1,1,1,1,1,1,1,1,1,1,1,1,1,0,a2,1,1,0,1,0,1,1,0,1,1,1,0,0,1,1,0,0,1,1,1,a4,1,1,0,1,1,1,0,1,1,1,1,1,1,1,1,1,0,1,0,0,0,1,1,1,0,1,1,1,1,1,1,1,1,1,1,1,1,1,0,1,1,1,1,1,1,1,0,0,1,1,1,1,1,1,1,1,1,0,1,0,1,1,1,a1,1,0,0,1,1,1,1,1,0,0,0,1,1,1,0,1,1,0,1,0,0,1,1,1,1,1,0,0,1,0,1,1,1,1,1
1,1,1,0,0,1,1,1,1,1,1,1,1,1,1,1,1,1,0,a3,1,1,1,1,1,1,1,1,0,1,1,1,1,1,1,1,1,1,1,a2,1,1,1,1,0,1,1,1,0,1,1,1,1,1,0,1,0,0,1,1,a4,1,1,0,1,1,1,1,0,1,0,1,1,1,1,1,1,1,1,1,1,0,1,1,1,0,1,1,1,1,1,1,1,0,1,1,1,1,1,1,1,1,1,1,1,1,0,1,1,1,1,0,1,1,1,1,1,1,1,0,1,1,0,0,a1,1,1,0,1,0,1,1,1,0,1,0,1,0,1,1,0,1,1,1,1,0,0,0,0,1,1,0,1,1,1,1,0,1,1,1
1,0,1,0,1,0,1,0,1,1,1,0,1,1,1,1,1,1,1,a3,1,1,1,1,1,1,1,0,1,1,1,1,1,1,0,1,1,1,1,a2,1,1,1,1,1,1,1,0,1,1,1,1,1,0,1,0,0,1,1,1,a4,1,1,1,1,1,0,1,1,1,1,1,1,1,0,1,1,1,1,1,1,1,1,1,1,0,1,1,0,1,1,1,0,1,0,1,1,0,1,1,1,1,1,1,0,1,1,1,1,0,1,1,1,1,1,1,1,0,1,1,1,1,0,1,a1,1,1,1,1,1,1,1,0,1,1,1,0,1,1,1,1,1,1,1,1,1,0,1,0,1,1,1,1,1,1,1,1,1,1,1
0,0,1,1,1,1,0,0,1,1,1,0,1,1,0,1,1,1,1,a3,1,1,0,1,1,0,1,0,1,1,1,1,1,1,1,1,1,1,0,a2,1,1,1,1,1,1,1,1,1,1,1,1,1,1,0,0,1,1,1,0,a4,1,1,0,1,1,0,1,1,1,0,1,1,1,1,1,1,1,1,0,0,1,0,1,1,1,1,0,0,0,1,1,1,0,1,1,1,1,1,1,1,0,1,0,1,1,1,1,1,1,0,1,1,1,1,1,1,1,1,1,1,1,1,1,a1,1,1,1,1,0,1,1,0,1,1,1,1,1,1,1,1,0,1,0,1,1,1,1,1,1,1,1,0,0,1,1,0,1,1,0
1,1,1,0,0,1,1,1,1,1,1,1,1,0,1,1,0,1,1,a3,1,1,1,1,1,1,1,1,0,1,0,1,0,0,1,0,0,1,1,a2,1,1,1,1,1,1,1,0,0,1,1,1,1,1,0,1,1,1,1,1,a4,1,1,1,1,1,0,0,1,1,1,0,1,1,1,0,1,1,1,1,1,0,1,1,0,1,1,1,1,1,1,0,0,1,1,0,1,1,1,1,1,0,0,1,1,1,1,1,1,0,1,1,1,1,1,1,1,0,1,1,0,1,1,1,a1,0,1,0,1,1,1,1,1,1,0,1,1,1,1,1,0,1,1,1,1,1,1,1,1,1,1,1,1,0,1,1,1,1,1,1
1,1,1,1,1,1,0,1,1,1,1,1,1,1,1,1,0,0,1,a3,0,1,1,1,1,1,0,1,1,1,1,1,1,1,1,1,1,1,1,a2,1,1,1,1,1,1,1,0,1,1,1,1,1,0,0,1,1,1,0,1,a4,0,0,0,1,1,1,1,1,0,1,1,1,1,0,0,1,1,1,1,0,0,1,1,0,1,1,1,1,1,1,1,1,1,1,1,1,0,1,0,0,1,0,1,1,1,1,1,1,1,1,0,1,1,1,0,0,1,1,1,1,1,1,0,a1,1,1,1,1,1,1,1,1,1,1,0,1,1,1,1,1,0,1,0,0,1,1,0,1,1,1,1,1,1,0,0,1,1,1,1
1,1,1,1,0,0,1,1,1,1,1,1,1,0,1,1,1,1,1,a3,1,0,1,1,1,1,1,1,1,1,1,0,0,0,1,1,0,1,1,a2,1,1,1,1,1,1,1,0,1,1,1,1,1,1,1,1,1,1,1,1,a4,1,1,1,1,1,0,1,1,1,0,1,1,1,1,1,1,1,1,1,1,1,0,1,1,0,0,1,1,1,0,1,1,1,1,1,1,0,0,1,0,1,1,1,1,1,1,1,1,1,1,1,0,1,1,1,1,1,1,1,1,1,1,1,a1,1,0,1,1,0,1,0,1,1,1,1,1,1,1,1,0,0,1,1,0,1,0,0,1,1,1,1,1,0,1,0,1,1,1,1
0,1,1,1,1,1,0,1,0,1,1,1,1,1,0,1,0,1,1,a3,0,1,0,1,0,1,1,1,1,0,1,1,1,0,1,0,1,1,0,a2,1,0,1,0,1,1,1,1,1,1,1,0,1,1,1,0,1,1,0,1,a4,1,1,1,1,1,1,1,0,1,1,0,1,1,1,1,1,0,1,1,1,0,1,1,1,1,1,1,1,1,1,1,1,1,1,0,1,1,1,1,1,0,1,1,1,1,1,1,1,1,1,1,1,0,1,1,1,1,1,1,0,1,1,1,a1,1,1,1,1,1,1,1,1,1,1,1,1,1,0,1,1,1,1,1,1,1,1,1,1,1,1,1,1,1,1,0,1,1,1,0
1,1,1,0,0,0,0,1,0,1,0,1,1,1,1,1,1,1,1,a3,1,1,1,1,1,1,0,1,0,0,1,1,1,1,1,0,0,1,1,a2,1,1,1,1,1,1,1,0,1,1,0,1,1,1,0,1,0,1,1,1,a4,1,1,0,0,1,0,1,0,1,0,0,0,1,0,1,1,0,1,1,1,1,1,1,1,1,1,1,0,0,1,1,1,0,1,1,1,1,0,1,0,1,1,1,1,1,1,0,1,0,1,1,1,1,1,1,1,0,1,1,1,1,0,0,a1,1,1,1,1,1,1,1,1,1,1,1,1,1,1,1,1,1,1,0,1,0,0,1,0,1,1,1,1,1,1,1,1,0,0,1
1,1,1,1,1,1,0,1,1,1,1,1,1,1,1,1,0,0,1,a3,1,1,0,1,1,0,0,1,1,0,0,0,1,0,1,1,0,0,1,a2,1,1,1,1,1,1,1,1,1,1,0,1,1,1,1,1,1,1,1,1,a4,1,0,0,1,1,1,1,1,1,1,1,0,1,1,0,1,0,1,1,0,1,1,1,1,1,1,1,1,1,0,0,1,1,1,1,1,1,1,1,0,1,1,1,1,1,1,1,1,1,1,1,1,1,1,1,0,1,1,1,1,1,1,0,a1,1,1,1,1,1,1,1,1,1,1,1,0,0,1,0,1,1,1,0,1,1,1,1,1,1,1,1,1,0,1,0,1,1,1,1
1,1,1,1,1,1,0,0,1,1,1,0,0,0,1,0,1,1,1,a3,1,1,0,1,1,0,0,1,1,0,0,1,1,1,0,0,1,1,1,a2,1,1,1,1,1,1,0,1,1,1,1,1,1,1,1,0,1,1,1,0,a4,1,1,1,0,1,0,1,0,1,0,1,1,1,1,1,0,1,1,0,1,1,1,1,0,0,1,1,1,1,0,1,1,0,1,1,1,0,1,1,1,1,1,1,1,1,1,1,1,1,1,1,1,1,1,1,1,1,1,1,1,1,0,1,a1,1,1,1,1,1,1,0,1,1,0,0,1,0,1,1,1,1,1,0,0,1,0,1,1,1,1,1,1,1,1,1,1,1,0,1
1,1,1,1,1,1,1,1,1,1,0,1,1,0,1,1,1,1,1,a3,1,0,1,1,1,1,1,0,1,1,1,0,1,1,1,0,1,0,1,a2,1,1,1,1,1,1,1,1,1,1,0,1,1,0,1,1,1,0,1,1,a4,1,1,1,1,0,1,1,1,1,1,1,1,0,1,1,0,1,1,1,1,0,1,1,1,1,1,1,1,1,0,1,1,1,1,1,1,1,0,0,1,1,1,1,1,1,1,1,1,1,1,1,0,0,1,1,0,1,1,0,1,1,0,1,a1,1,1,1,1,1,1,1,0,1,1,1,1,1,1,1,1,1,1,0,1,1,0,1,0,1,1,1,1,1,1,0,1,0,1,0
1,1,1,1,1,1,0,1,1,0,1,1,1,0,1,0,1,1,1,a3,1,1,0,1,1,1,1,0,1,1,1,1,1,1,1,0,1,0,1,a2,1,0,1,1,1,1,1,0,1,1,1,1,1,1,1,1,0,0,1,0,a4,0,1,1,1,1,1,0,1,1,0,1,1,0,1,1,1,1,0,1,1,1,1,0,1,0,1,0,1,1,1,1,1,0,1,0,1,1,1,1,1,1,1,1,1,0,1,1,0,1,0,1,1,0,1,1,0,1,1,1,1,1,1,1,a1,1,1,1,1,1,0,1,0,0,1,0,1,1,0,1,1,1,1,1,1,1,1,1,1,1,0,1,1,1,1,1,1,1,1,1
1,0,1,1,0,1,1,1,1,1,1,1,0,0,0,0,1,1,1,a3,1,1,1,0,1,1,1,1,1,1,1,1,1,1,1,1,1,1,1,a2,1,1,1,1,1,1,0,1,1,1,1,1,0,1,1,0,1,1,1,0,a4,1,0,0,1,1,1,1,1,1,0,1,1,1,1,0,0,1,0,1,0,1,1,0,1,1,0,0,1,0,1,1,0,1,1,1,1,0,1,1,1,0,1,1,0,1,1,1,0,1,1,1,1,1,1,1,0,1,1,1,0,1,1,1,a1,1,1,1,1,1,1,0,0,1,1,1,1,1,1,1,1,0,1,1,1,1,1,0,1,1,1,1,0,0,1,1,1,1,1,1
1,1,0,0,1,1,1,0,1,1,0,1,1,1,1,1,0,1,1,a3,1,1,1,1,1,1,1,1,0,1,0,1,1,1,1,1,1,1,0,a2,1,1,0,1,1,1,1,1,0,1,0,1,1,1,1,1,1,1,0,1,a4,0,1,1,1,1,1,0,0,1,1,0,1,1,1,1,1,1,1,0,1,1,1,1,1,0,1,1,1,1,0,1,1,0,1,1,1,1,0,1,0,1,1,1,1,0,1,1,1,0,1,0,1,0,0,1,1,0,1,1,1,1,0,1,a1,0,1,0,1,1,1,1,0,1,1,1,1,1,1,1,1,1,1,1,0,0,1,1,1,1,1,1,1,1,1,1,1,1,1,1
1,1,0,1,1,1,1,0,1,1,0,0,0,0,1,1,1,1,1,a3,0,1,1,1,1,0,1,1,1,1,1,1,0,1,1,1,1,1,1,a2,1,1,1,0,1,1,1,1,1,1,1,1,1,1,1,1,1,1,1,1,a4,0,1,1,1,1,0,1,1,0,1,1,1,0,1,0,1,1,1,1,1,0,1,1,1,1,1,0,1,1,1,1,1,1,1,1,1,1,1,1,0,0,1,1,1,1,1,1,1,1,1,1,0,1,1,1,1,0,1,0,0,1,1,1,a1,1,0,1,1,1,1,1,1,1,1,1,1,1,1,1,1,1,1,0,1,1,0,1,0,1,1,1,1,1,0,1,0,1,0,0
1,1,1,1,1,1,1,1,1,1,1,1,1,1,1,0,1,1,0,a3,1,0,1,1,1,1,1,1,1,1,0,1,1,0,1,1,1,1,1,a2,1,1,1,1,1,1,1,0,1,1,1,1,0,1,0,1,1,1,0,1,a4,1,1,1,1,1,1,1,1,0,1,0,1,1,0,1,2,1,0,1,0,2,0,0,1,1,2,2,2,1,0,2,2,1,2,2,1,2,0,2,0,1,0,0,0,1,0,0,1,1,1,0,0,1,1,1,1,1,1,1,1,1,1,0,a1,1,1,1,1,0,1,0,1,1,1,1,1,1,1,1,1,1,1,1,0,1,0,1,1,1,0,1,0,1,1,1,1,1,1,1
1,1,1,1,1,1,0,0,1,1,1,0,0,0,1,1,1,0,1,a3,0,1,1,1,0,1,1,1,1,1,1,1,1,0,1,1,1,1,0,a2,0,1,1,1,1,1,1,1,1,1,1,1,1,1,1,0,1,1,1,0,a4,1,1,1,0,1,0,1,1,0,0,0,1,0,2,0,2,1,1,1,2,1,1,1,0,1,0,0,0,0,0,0,1,1,0,1,1,1,0,1,2,0,2,1,1,1,0,1,1,1,1,1,1,1,1,1,1,1,1,1,0,0,1,1,a1,1,1,1,0,1,1,0,1,1,0,0,1,1,1,1,0,0,1,1,1,0,1,1,1,1,1,1,1,1,1,1,0,1,1,1
1,1,1,1,1,1,1,1,1,1,1,1,1,0,1,1,1,1,0,a3,1,1,1,0,1,1,0,1,1,0,1,1,1,0,1,1,1,0,1,a2,0,1,1,1,1,1,0,1,1,0,1,1,1,1,0,1,1,1,1,1,a4,1,0,0,0,1,1,1,0,1,1,1,1,2,1,0,1,1,2,2,1,1,1,1,0,0,2,1,1,2,2,1,2,1,1,1,2,1,1,1,0,0,1,2,1,0,0,1,0,0,1,1,1,1,0,1,1,1,1,1,1,0,0,1,a1,1,1,0,1,1,1,0,0,1,1,1,1,1,0,1,1,1,0,1,1,1,0,1,0,1,0,1,1,0,1,1,1,0,1,0
0,1,1,1,1,1,1,1,1,1,1,1,1,0,1,0,1,1,1,a3,1,1,1,1,1,1,1,1,1,1,1,1,1,1,0,1,1,1,1,a2,0,1,1,1,1,1,1,1,0,1,1,1,1,1,1,1,1,1,1,1,a4,1,1,1,1,1,1,1,0,1,1,1,1,2,1,2,1,0,2,1,1,0,1,1,2,2,2,0,2,0,2,1,1,2,2,1,1,1,0,1,0,2,1,1,1,1,1,1,0,0,0,0,0,0,1,1,1,1,1,1,1,0,1,0,a1,1,1,1,1,1,1,0,0,0,1,1,1,1,1,1,1,1,1,1,1,0,0,1,0,1,1,1,1,1,1,1,1,1,1,1
1,1,1,1,0,0,1,1,1,1,0,1,1,0,1,1,1,1,1,a3,1,1,1,1,1,1,1,1,1,1,1,1,1,1,1,1,1,1,1,a2,1,1,1,1,1,0,1,0,1,1,1,1,1,1,1,1,1,1,1,1,a4,1,1,1,1,1,0,1,1,1,1,1,1,2,1,1,1,1,2,2,0,2,1,1,1,1,2,1,0,1,1,0,2,2,1,0,0,2,2,1,1,1,0,2,1,0,1,0,1,1,0,1,0,1,0,1,1,1,1,1,1,1,1,1,a1,1,1,1,0,0,1,1,1,1,1,0,1,1,1,1,1,0,1,1,1,1,0,1,1,1,1,0,1,1,1,1,1,1,1,0
1,1,0,1,1,1,1,1,1,1,1,1,1,1,1,1,1,1,1,a3,1,1,1,1,1,1,1,1,1,1,1,0,0,1,1,1,1,1,1,a2,0,1,1,0,1,0,1,1,1,1,1,1,0,1,1,1,0,1,1,1,a4,1,1,1,0,1,0,1,1,1,1,1,1,1,0,2,2,1,0,0,1,1,2,0,2,2,2,0,1,2,0,1,2,1,1,0,1,2,1,1,0,2,1,0,0,1,1,0,1,1,0,1,1,0,1,0,1,1,1,1,1,1,1,1,a1,1,1,0,1,1,1,0,1,1,0,1,1,1,0,1,1,1,1,0,1,1,1,1,1,1,1,1,1,1,1,1,0,1,1,1
1,1,0,1,1,1,0,1,1,1,1,0,1,1,0,1,0,0,1,a3,0,1,1,0,0,1,1,0,1,1,1,0,1,1,1,1,0,0,1,a2,1,1,0,1,0,1,0,1,1,1,1,1,0,1,1,1,1,1,0,1,a4,1,1,1,1,0,1,1,1,1,1,1,1,2,2,0,1,2,0,2,2,1,1,0,1,2,1,2,1,0,0,2,0,0,2,0,1,1,0,0,1,1,1,1,0,1,1,1,1,1,1,1,1,1,1,1,1,1,1,1,1,1,0,1,a1,1,1,0,1,1,0,0,0,1,1,1,1,1,1,1,0,1,1,0,1,1,1,1,1,1,1,1,1,1,1,1,1,1,1,1
1,1,0,1,1,1,1,1,1,0,1,1,1,1,1,1,2,0,2,b3,1,2,2,1,1,1,2,2,1,2,2,2,1,2,1,2,0,1,2,a2,1,2,0,2,0,0,0,0,1,1,1,0,1,1,0,1,1,0,1,1,a4,0,1,1,1,1,1,0,1,1,1,1,1,1,1,1,2,1,1,1,2,1,2,0,2,2,0,2,2,2,1,2,1,2,0,1,2,1,1,1,0,2,1,2,1,1,1,1,1,0,0,1,0,1,0,1,1,1,1,1,1,1,0,1,a1,1,0,1,0,1,1,1,1,1,1,1,0,1,1,1,1,1,1,0,0,1,1,1,1,1,1,1,1,0,1,1,0,0,1,1
0,0,1,0,0,1,1,1,1,0,0,0,0,1,2,1,2,2,2,a3,2,0,2,2,2,2,1,1,1,0,1,1,2,1,0,2,1,1,2,b2,1,2,2,1,1,1,1,1,1,1,1,1,1,1,1,1,1,1,1,1,a4,1,1,1,1,0,1,1,1,1,1,1,1,2,1,2,0,1,2,2,1,0,2,2,1,0,1,1,1,0,2,2,1,1,1,2,2,1,1,1,2,0,2,0,0,1,1,1,1,0,1,1,1,1,1,1,1,1,1,1,1,1,1,0,a1,1,1,1,1,0,1,1,0,1,1,1,1,1,1,1,1,1,1,1,1,1,1,1,1,1,0,0,0,0,0,1,0,1,1,1
0,1,1,1,1,1,1,1,1,1,1,1,0,1,1,1,2,1,1,a3,0,2,2,2,1,0,2,1,1,0,2,2,1,2,1,1,2,1,2,b2,1,1,1,1,1,1,1,1,1,1,1,1,1,1,1,1,1,1,1,1,a4,1,1,1,1,1,0,1,1,1,1,1,1,1,2,0,1,1,0,2,2,2,2,2,2,1,1,2,1,2,2,2,2,0,1,2,1,0,1,2,0,0,0,2,1,0,1,1,1,1,1,1,1,0,1,0,1,0,1,1,1,1,1,1,a1,1,1,1,1,1,1,1,0,0,0,1,0,1,1,0,0,1,1,1,0,1,1,1,1,1,0,1,1,1,1,1,0,1,1,1
1,1,1,0,1,0,1,1,1,1,1,0,1,2,0,1,1,1,0,b3,b2,a2,a2,b2,b2,b2,b2,a2,a2,b2,b2,b2,a2,b2,a2,a2,a2,b2,b2,b2,2,2,2,1,1,0,1,1,0,1,1,1,1,1,1,1,1,1,0,0,a4,0,1,1,1,0,1,1,1,1,1,0,1,2,0,2,2,0,1,1,2,1,0,1,2,1,1,0,1,2,1,1,1,1,2,2,1,2,1,1,1,0,2,1,1,1,0,1,1,1,1,0,1,1,1,0,1,1,1,0,1,1,1,1,a1,0,1,0,0,0,1,1,1,1,1,1,0,1,0,0,1,1,1,0,1,1,1,1,1,0,1,1,1,1,1,1,1,1,1,1
1,1,1,1,1,1,1,1,1,0,1,0,1,1,2,2,2,0,2,a3,a2,0,2,2,1,2,2,0,2,1,0,2,0,2,2,2,2,0,2,0,1,1,2,2,0,0,1,1,1,1,1,1,1,1,1,1,0,1,1,1,a4,1,1,1,1,1,1,1,0,1,1,1,0,1,1,2,2,0,2,2,0,2,1,2,2,2,2,1,2,0,0,0,1,1,2,0,2,1,1,1,2,0,2,2,0,1,0,0,1,1,0,1,1,1,1,1,1,1,0,1,1,1,1,0,a1,1,1,1,1,1,1,0,1,1,1,1,1,1,1,0,1,1,1,1,1,0,1,1,1,0,1,1,0,1,1,1,1,0,1,1
1,1,1,1,1,1,0,0,1,1,1,1,1,1,1,1,1,1,1,a3,a2,1,2,2,1,1,2,0,2,2,1,2,1,2,1,1,0,0,2,1,2,2,1,1,1,0,1,1,1,1,0,1,1,1,1,0,1,1,1,1,a4,1,1,1,1,0,1,1,1,1,0,1,1,0,2,1,1,1,1,1,1,1,1,1,1,1,1,2,0,2,2,2,1,1,1,1,2,2,1,2,1,2,0,1,1,1,1,0,0,0,1,1,1,1,1,1,0,1,0,1,1,1,1,1,a1,1,1,1,1,0,1,1,1,1,1,1,1,0,1,0,1,1,1,1,0,1,1,1,1,1,1,1,1,1,0,1,1,1,1,1
1,1,0,1,1,0,1,1,1,1,0,1,0,0,0,0,1,0,2,b3,b2,0,0,0,2,0,2,0,2,2,2,2,1,2,1,2,2,0,1,2,2,1,1,1,1,0,1,1,1,1,1,1,0,1,1,0,0,1,1,0,a4,1,1,1,1,0,0,1,0,0,1,0,0,0,0,1,2,1,2,1,1,1,2,2,2,2,1,0,0,2,2,1,1,2,1,1,1,0,1,1,0,2,0,1,1,1,1,1,1,1,1,0,1,1,1,1,1,1,0,0,1,1,0,1,a1,1,1,0,1,1,1,1,0,0,1,1,1,1,0,1,0,1,1,1,0,1,0,1,1,1,1,1,1,1,1,1,0,1,1,1
1,1,1,0,0,0,1,1,1,1,1,1,1,0,2,2,1,1,1,a3,b2,1,0,0,1,2,1,1,1,2,1,2,2,1,2,2,2,1,2,0,2,1,2,1,1,1,1,1,1,1,1,1,0,1,1,1,0,1,1,1,a4,0,1,1,1,1,1,0,1,1,0,0,1,2,1,2,0,1,1,0,1,2,0,2,2,1,0,1,1,1,1,1,1,2,2,2,1,1,1,2,0,2,1,2,1,1,1,1,0,1,1,1,1,1,0,1,1,1,1,1,1,1,1,1,a1,1,1,0,1,1,1,0,0,0,0,1,1,1,1,0,1,0,1,1,1,1,1,1,0,1,0,1,0,1,1,1,1,1,1,1
0,1,1,1,1,1,1,1,1,1,0,1,1,1,0,2,1,0,2,b3,b2,2,2,1,0,0,2,2,0,1,1,0,1,1,2,2,1,1,0,2,2,2,1,2,1,1,1,1,1,1,1,0,0,1,1,1,1,1,1,1,a4,1,1,1,0,1,1,1,0,1,1,1,1,2,2,0,2,1,0,2,2,1,2,0,2,2,1,1,2,2,0,0,1,1,1,1,2,2,2,2,1,2,1,1,1,0,0,0,1,1,1,1,0,1,1,0,1,1,0,0,1,1,1,0,a1,1,1,1,1,1,0,1,0,1,0,1,0,0,1,0,1,0,1,1,0,1,0,1,0,1,1,0,1,1,0,1,1,1,0,1
1,1,1,1,0,0,1,0,1,1,1,1,1,0,1,2,1,1,0,a3,b2,2,2,1,1,1,0,2,1,2,2,1,1,2,1,2,1,1,1,1,1,1,0,0,1,1,1,1,1,1,1,0,1,1,1,0,1,1,1,1,a4,0,0,1,1,1,1,0,1,1,1,1,1,2,2,1,1,1,1,0,1,1,2,0,2,1,0,2,2,0,1,2,1,2,2,2,2,1,2,2,1,0,1,2,0,1,1,1,1,1,1,0,0,0,1,1,1,1,1,1,1,1,1,0,a1,0,1,1,1,1,0,1,1,1,1,1,0,1,1,1,1,1,1,1,1,1,1,1,0,1,0,1,1,0,1,1,1,1,1,1
1,0,1,1,1,1,1,1,0,1,1,1,1,1,2,0,1,1,2,b3,a2,0,1,2,2,2,2,2,1,1,0,0,2,2,0,1,0,2,0,0,2,2,2,2,1,1,1,1,1,0,1,1,1,1,1,1,0,1,1,1,a4,1,1,1,1,0,1,0,0,1,1,1,1,2,0,2,1,1,1,0,1,0,2,2,1,2,2,2,1,1,0,1,2,1,1,2,2,2,2,1,0,0,2,1,1,1,1,1,1,1,1,1,1,0,1,1,1,1,1,1,1,1,1,1,b1,2,1,2,0,1,1,1,1,1,2,2,1,1,1,2,1,1,1,1,0,0,2,2,2,1,1,1,2,1,2,0,1,1,1,0
1,0,1,1,0,1,1,0,1,1,1,1,1,0,2,1,1,1,0,b3,a2,2,1,2,2,0,0,0,0,2,1,2,1,2,1,2,2,2,1,1,2,2,1,1,1,1,1,1,0,1,0,1,1,1,0,1,1,1,1,1,a4,1,1,0,1,1,1,1,0,1,1,1,1,2,1,2,1,1,0,1,2,1,1,0,2,2,2,2,2,1,2,1,2,1,2,0,2,1,2,0,0,2,1,2,1,1,1,0,1,0,1,1,1,1,0,1,1,1,0,0,1,1,1,1,a1,2,2,1,2,1,1,1,0,2,1,0,0,2,1,2,2,1,1,0,1,1,1,2,2,0,2,0,2,2,2,1,0,1,1,1
1,0,1,1,1,1,1,0,1,1,1,1,1,1,2,2,1,2,2,a3,a2,1,0,2,1,1,0,2,1,1,2,1,1,1,0,2,2,0,2,1,2,2,1,2,1,0,1,0,1,1,1,1,1,1,1,1,0,1,1,1,a4,1,0,1,1,1,0,1,1,1,0,1,0,2,2,2,2,2,2,2,0,2,1,2,1,2,1,2,2,0,2,0,1,0,2,2,1,0,2,0,2,2,1,1,1,1,1,1,0,0,1,0,1,1,1,1,1,0,1,1,0,1,0,0,b1,0,2,2,0,1,1,2,1,2,2,2,1,2,1,1,2,2,1,1,0,2,2,1,0,0,2,2,0,2,1,1,1,0,1,1
1,0,1,0,1,1,0,1,1,1,1,0,1,1,1,2,0,1,2,b3,a2,1,0,1,0,1,1,0,2,2,0,2,1,1,1,1,1,1,1,2,2,2,2,0,1,1,1,0,0,1,1,1,0,1,0,1,1,1,1,1,a4,0,1,1,1,1,1,1,1,1,1,1,2,0,2,2,2,2,1,2,0,0,0,2,2,0,2,1,0,2,2,0,2,2,1,0,0,1,1,2,1,0,0,0,1,1,1,1,1,1,0,1,1,0,1,0,1,0,1,1,1,0,1,1,a1,2,2,2,2,2,2,0,0,1,0,2,2,2,1,1,2,0,2,2,2,1,2,1,1,0,1,2,0,2,0,1,1,1,1,1
1,1,0,1,1,1,1,1,1,1,1,1,1,1,1,2,1,2,2,b3,a2,2,1,2,2,1,2,1,1,2,1,2,2,1,2,2,0,1,1,2,0,1,2,0,1,1,1,1,1,1,1,1,1,1,1,1,1,1,1,1,a4,0,1,1,1,1,0,1,1,1,1,1,2,2,2,2,2,2,0,2,2,1,0,1,0,2,2,0,2,0,0,1,2,1,1,2,2,2,2,2,2,1,2,1,0,1,1,1,1,1,1,1,1,1,1,0,1,0,1,1,1,1,1,1,b1,2,1,1,2,0,2,2,1,0,1,2,2,2,0,1,1,1,0,2,0,1,1,2,2,1,2,1,2,1,0,1,1,1,1,0
0,1,0,1,1,1,1,0,1,1,1,0,1,1,0,0,2,1,2,a3,a2,1,2,0,2,0,0,1,1,1,1,1,1,0,1,2,1,1,1,1,1,2,2,2,0,1,0,0,1,1,0,1,1,1,1,1,1,1,1,1,a4,1,0,0,1,1,1,0,1,1,1,1,0,2,0,1,0,2,2,0,2,0,2,0,2,0,2,2,2,2,2,1,0,0,2,2,1,2,2,1,1,0,2,0,1,1,0,1,0,1,1,1,1,1,1,1,0,1,0,1,1,1,1,1,b1,1,2,1,1,2,2,1,1,1,1,0,2,1,0,1,1,2,1,2,0,1,2,1,2,1,0,0,0,0,0,1,0,1,1,1
0,1,1,0,1,1,1,1,1,0,1,1,1,1,0,2,1,2,1,b3,a2,1,2,2,0,1,1,1,2,2,0,0,1,0,0,2,2,0,1,2,2,1,1,2,0,1,1,0,0,1,1,0,1,1,1,1,1,1,1,1,a4,1,1,1,1,1,1,0,1,0,0,1,2,1,1,1,2,0,2,1,1,0,2,1,0,2,2,0,2,0,2,0,2,2,1,1,0,2,2,0,0,0,2,2,1,1,1,0,0,1,1,1,1,1,1,1,1,1,1,1,1,0,1,1,a1,2,2,2,2,1,1,1,1,0,1,2,1,2,2,2,0,0,1,1,1,2,2,2,2,1,2,2,1,0,1,0,1,1,1,1
0,1,1,1,1,1,1,1,1,1,1,1,0,0,1,2,1,1,1,b3,b2,1,0,2,1,1,2,1,2,1,1,1,1,0,1,2,2,1,1,2,2,1,2,2,1,1,0,1,0,1,1,1,1,1,1,1,1,1,1,0,a4,1,0,1,1,1,1,1,1,1,1,0,2,0,1,2,0,2,0,1,2,2,2,0,2,1,2,0,2,0,2,2,2,2,0,2,0,1,2,1,2,2,0,2,1,1,1,1,1,0,1,1,0,1,1,1,1,1,1,1,1,1,1,1,b1,1,0,2,2,0,1,0,1,0,1,1,2,0,0,0,2,2,1,2,1,1,2,2,1,0,1,1,1,1,1,1,0,1,1,0
1,1,1,1,1,1,0,1,1,0,0,0,0,2,2,0,2,2,2,b3,b2,2,1,1,2,1,2,2,2,2,2,2,2,2,0,2,1,2,0,2,2,0,1,2,1,1,0,0,1,1,1,1,0,1,0,1,0,1,1,1,a4,0,0,0,1,1,1,1,1,0,1,0,1,2,2,2,1,1,1,2,1,0,1,0,1,0,1,2,2,2,1,2,0,2,2,0,2,2,2,0,1,0,1,1,1,1,1,0,1,1,1,0,0,1,1,1,1,1,1,1,1,1,1,1,b1,0,1,1,0,1,2,0,1,2,0,1,1,1,0,1,0,1,1,1,2,2,0,2,2,2,0,0,1,1,1,1,1,1,1,1
1,0,1,0,1,1,0,1,1,1,0,1,1,0,2,1,2,2,2,b3,b2,1,1,1,2,2,1,1,0,1,1,1,2,1,2,2,0,2,1,0,1,2,0,2,1,1,1,1,1,1,1,1,1,1,1,0,1,0,1,0,a4,0,1,0,1,0,0,1,1,0,1,1,1,2,1,2,0,1,2,0,2,2,2,2,1,2,2,0,0,2,2,2,2,1,1,2,2,0,1,2,0,1,1,2,1,1,1,1,1,1,0,0,0,1,0,1,1,1,1,0,1,1,1,1,b1,2,2,1,2,1,1,1,2,1,2,1,1,1,1,0,1,0,2,1,0,2,2,1,2,2,0,2,2,0,0,1,1,0,1,1
1,1,1,1,1,1,1,0,1,1,1,1,1,1,1,2,2,2,1,b3,a2,0,0,1,1,2,1,1,2,1,1,2,1,1,2,2,1,2,0,2,1,2,1,2,1,1,0,1,0,0,1,1,1,1,1,1,1,1,1,1,a4,1,1,1,1,1,1,1,1,0,1,0,1,0,2,2,2,0,2,0,2,2,2,1,2,2,1,2,2,2,1,2,0,2,2,0,2,2,2,2,1,2,2,0,1,1,1,1,1,1,0,1,1,1,1,1,1,1,1,1,0,1,1,1,a1,0,2,2,2,2,1,2,1,2,1,0,1,0,2,1,0,1,2,1,1,1,1,2,1,0,1,0,0,0,0,1,1,1,1,0
1,1,0,0,1,0,0,1,1,1,1,1,1,1,0,1,0,2,1,b3,b2,1,2,1,1,2,1,2,2,2,2,1,2,1,2,0,2,1,2,0,2,1,1,1,1,1,1,0,1,1,1,1,1,1,0,1,1,1,1,0,a4,0,1,1,0,0,1,1,1,1,1,1,1,1,1,2,2,0,0,2,2,1,2,1,2,2,2,2,1,2,0,0,2,1,2,0,1,1,1,1,1,0,1,2,1,1,0,0,0,1,1,1,1,0,0,1,1,1,1,1,1,1,1,1,a1,2,2,1,0,2,1,2,2,1,0,1,2,0,2,2,2,2,1,1,2,1,0,1,2,1,1,2,2,2,1,0,1,1,1,0
1,1,1,1,1,1,1,1,0,0,0,1,1,2,2,1,2,2,1,a3,a2,2,0,0,1,1,1,1,1,2,2,1,0,0,2,1,1,2,1,1,0,2,1,2,1,1,1,1,1,1,1,1,1,1,0,1,1,1,1,0,a4,1,1,0,0,0,1,1,0,0,1,1,1,2,0,2,0,0,0,0,1,2,2,2,2,0,2,2,0,2,2,2,0,2,2,2,2,1,2,0,2,1,2,2,0,1,0,1,1,1,1,1,0,1,1,1,1,0,0,0,1,1,1,1,b1,2,2,1,0,1,2,1,1,1,2,2,1,2,1,0,0,1,2,1,2,1,1,2,1,2,0,0,2,0,1,1,0,1,1,1
1,0,1,1,1,1,1,1,0,1,1,1,1,2,0,0,2,1,2,b3,b2,1,0,0,1,2,2,1,0,1,0,0,2,1,1,2,0,2,0,1,2,1,2,1,1,1,0,0,1,1,1,1,1,0,1,1,1,1,1,1,a4,1,1,0,1,0,1,1,1,0,1,1,2,2,2,2,2,2,2,1,1,0,2,2,2,2,0,0,2,2,0,2,2,0,2,2,1,2,0,2,2,1,2,1,1,1,1,1,1,1,1,1,1,1,1,1,1,0,1,1,1,0,1,1,a1,1,0,2,2,2,1,1,2,1,2,1,1,0,2,0,2,0,0,1,0,2,0,0,1,0,1,0,1,1,1,1,0,1,1,1
1,1,1,0,1,0,0,1,1,1,1,1,0,1,1,1,0,1,2,a3,b2,2,1,0,1,2,1,1,1,0,2,1,2,2,2,0,1,0,2,1,2,0,2,1,1,1,1,0,1,1,1,1,0,1,1,1,0,1,1,0,a4,1,1,1,1,1,1,0,1,1,1,1,1,2,1,0,2,0,2,0,1,2,1,1,0,1,2,2,2,0,2,1,2,2,0,1,2,2,0,1,0,2,2,1,1,0,1,0,0,0,1,1,0,1,1,0,1,1,0,0,1,1,1,1,b1,1,1,0,2,1,2,1,0,2,0,1,0,2,1,2,2,1,0,0,1,2,2,2,2,1,2,2,0,1,2,1,1,1,1,1
1,1,1,1,1,1,1,1,1,1,1,1,1,2,1,1,1,0,2,b3,b2,2,2,2,2,0,2,2,1,2,1,2,1,0,2,2,1,2,0,1,0,1,1,0,1,1,1,0,1,1,0,1,1,1,1,1,1,1,1,1,a4,1,1,1,0,1,0,1,1,1,1,1,2,0,2,0,0,2,2,0,2,2,0,2,2,1,0,0,2,1,0,2,2,2,2,1,1,1,2,2,0,0,1,1,1,1,0,0,1,1,1,1,0,1,1,1,1,0,1,0,0,0,1,1,b1,1,0,1,1,2,1,2,1,1,2,0,1,0,1,0,2,2,1,0,2,2,2,1,1,2,1,2,1,1,0,1,1,1,1,1
1,0,0,0,1,1,1,1,1,1,1,1,1,1,2,2,1,0,1,b3,b2,1,0,0,1,2,1,0,1,1,0,1,0,2,2,1,0,2,0,2,1,0,2,2,0,0,1,1,1,0,1,1,1,1,1,0,1,1,1,1,a4,1,1,1,1,0,1,1,1,1,1,1,0,2,0,2,1,2,2,0,1,1,0,2,1,2,2,2,2,1,2,1,2,1,1,1,1,0,1,2,0,1,0,0,1,1,1,1,1,1,1,1,1,1,0,1,1,1,1,1,1,1,1,1,b1,1,2,1,1,2,2,2,1,1,0,2,1,1,2,2,0,1,2,0,1,1,2,2,0,1,0,1,2,2,2,1,0,1,1,0
1,1,1,1,0,1,1,1,0,1,1,1,1,2,1,2,2,0,1,b3,a2,1,2,1,0,0,1,1,2,0,1,1,2,2,1,1,1,0,1,2,1,0,2,1,1,1,1,0,1,1,0,1,1,0,1,1,0,1,1,1,a4,1,1,1,1,1,1,1,1,1,1,1,1,2,1,1,0,1,2,2,2,0,0,1,0,1,2,1,2,0,2,2,0,1,2,2,2,2,2,1,1,1,1,1,0,1,1,1,0,1,1,0,0,1,1,1,1,1,1,1,0,1,1,0,b1,1,1,0,1,1,0,2,2,0,2,1,2,2,1,2,2,1,1,0,1,2,1,0,1,1,0,2,0,1,1,0,0,1,1,1
0,1,1,1,1,1,1,1,1,1,1,1,1,0,1,1,1,2,2,b3,a2,2,2,1,1,2,1,1,0,2,2,0,1,1,0,2,1,2,1,1,2,2,0,2,1,1,1,1,1,0,1,1,1,1,1,1,0,1,1,1,a4,1,0,0,1,1,1,1,1,1,1,1,1,2,1,2,2,1,2,2,0,2,1,2,0,0,0,1,2,2,1,1,1,1,1,2,2,1,0,0,1,2,2,1,1,1,1,0,1,0,0,1,1,0,1,1,1,1,1,1,1,1,1,1,a1,1,1,2,1,1,1,2,1,0,2,2,2,0,0,2,1,2,0,2,0,0,1,2,2,0,2,2,0,2,2,1,1,1,0,0
1,1,1,1,0,1,1,1,1,1,1,1,1,2,0,1,0,0,2,a3,b2,1,2,0,2,2,1,1,0,1,1,1,1,2,2,1,0,2,1,2,2,2,0,1,1,1,1,1,1,1,1,1,1,1,1,1,1,0,1,1,a4,1,1,1,1,1,1,1,0,1,1,1,1,0,2,1,0,1,1,0,2,2,1,1,1,2,2,1,0,0,2,1,0,1,2,1,1,1,2,2,0,2,0,0,1,1,0,1,1,0,1,0,1,1,1,1,1,1,1,0,1,1,0,1,b1,2,2,0,0,2,2,0,1,2,1,1,0,1,2,2,1,0,2,2,1,2,1,2,2,1,0,0,0,1,2,1,0,1,1,0
1,1,1,1,0,1,1,1,1,0,1,1,1,1,2,2,0,2,0,b3,a2,2,1,1,1,1,2,1,2,2,1,2,1,2,2,2,0,2,2,2,1,0,1,2,1,0,1,1,1,1,1,0,0,1,1,2,1,2,0,2,a4,1,0,2,0,1,2,1,2,1,2,2,2,2,0,0,0,1,0,2,2,0,2,1,2,1,2,0,1,2,1,0,1,0,1,1,2,1,1,0,1,0,1,1,1,1,1,1,1,0,1,1,1,1,1,0,1,1,0,1,1,1,1,1,b1,0,1,1,2,2,1,2,2,1,2,0,2,2,2,1,2,2,1,0,1,1,2,1,1,2,2,1,2,1,2,1,1,0,1,1
0,1,1,1,1,1,0,0,0,1,1,1,1,1,1,1,1,0,1,a3,a2,1,1,1,1,1,1,1,0,1,1,1,1,0,1,1,0,1,0,1,1,0,1,0,1,1,1,1,1,0,1,1,1,0,1,0,2,1,0,2,b4,2,2,0,2,0,2,0,1,2,2,1,0,2,0,2,1,2,0,2,2,0,2,2,2,0,0,1,2,2,2,0,0,0,1,2,0,1,2,0,2,0,2,1,1,2,0,2,0,2,0,0,1,2,1,1,1,1,1,0,1,1,1,1,b1,0,2,1,2,2,2,2,1,2,2,1,2,0,1,1,1,1,1,2,1,2,2,2,1,0,1,0,0,0,1,1,1,0,1,1
1,1,1,0,1,1,1,1,1,1,0,1,0,1,1,1,1,1,1,a3,a2,1,1,0,1,1,1,0,1,0,1,1,1,0,1,1,1,1,1,1,1,1,1,1,1,1,1,1,1,1,1,1,1,1,1,0,2,2,1,0,a4,2,0,2,1,1,2,2,2,2,2,2,0,2,2,2,0,0,2,2,2,2,2,1,2,2,2,1,1,2,1,1,2,0,1,1,0,1,0,1,2,2,1,1,1,1,2,2,0,2,1,1,1,0,1,1,0,0,0,1,1,1,1,1,b1,1,2,0,2,2,1,0,0,1,0,0,0,1,1,2,2,2,1,1,2,1,1,2,2,0,1,1,2,1,2,0,1,0,1,1
1,1,1,1,1,1,0,0,1,1,1,0,1,1,0,1,1,1,1,a3,a2,0,1,1,1,1,0,1,1,1,1,1,1,1,1,0,1,0,1,1,1,1,1,1,0,0,1,1,1,0,1,1,1,1,1,1,1,1,2,2,b4,1,2,0,1,0,2,2,2,2,0,0,2,1,2,0,0,2,0,2,0,0,1,2,2,2,2,1,1,1,1,0,2,2,2,2,2,2,0,2,2,1,2,1,0,2,1,1,1,2,2,2,2,2,2,0,1,1,1,0,1,1,1,1,b1,0,2,1,2,1,2,0,0,2,2,2,2,1,2,2,1,0,1,1,0,1,1,0,1,0,1,2,2,0,2,1,1,1,0,1
1,0,1,1,1,1,1,1,1,1,1,1,1,1,1,1,1,1,0,a3,a2,1,1,1,1,1,0,1,0,1,1,1,1,1,1,0,1,1,1,0,1,1,1,1,1,1,1,1,0,0,0,1,1,1,1,2,0,1,2,1,b4,1,1,0,0,1,1,1,2,2,0,0,2,2,2,2,0,2,1,0,2,1,2,2,2,2,1,2,2,2,2,2,1,1,2,2,1,2,2,2,1,2,2,0,2,1,1,0,0,1,0,2,1,2,1,1,1,1,0,1,1,1,1,1,b1,0,0,1,1,1,1,1,1,0,1,2,0,1,2,1,2,2,1,1,2,1,2,1,0,0,2,1,1,1,1,0,1,1,1,0
1,1,1,0,1,1,1,0,0,0,1,1,0,1,1,1,0,0,0,a3,a2,1,1,1,1,0,1,1,0,1,1,0,1,1,1,1,1,1,1,1,1,1,1,0,1,1,1,1,1,1,0,1,1,1,0,2,1,1,2,1,b4,1,1,1,1,1,2,1,1,1,1,1,0,2,2,2,2,2,0,2,0,0,2,0,2,1,0,2,1,1,2,2,1,0,0,1,1,0,2,2,1,1,1,2,0,0,1,2,2,1,1,1,0,1,1,1,1,1,1,0,1,1,1,0,b1,0,1,1,2,2,2,2,2,2,0,0,2,1,2,1,2,2,2,2,0,2,2,0,1,1,2,2,2,2,1,1,1,0,1,0
1,1,0,1,0,1,1,1,0,1,1,0,1,1,1,0,0,1,1,a3,a2,1,1,1,1,1,0,1,1,0,1,1,1,1,1,1,1,0,0,1,1,1,1,1,1,0,1,1,1,1,0,0,1,1,1,0,0,1,2,1,b4,0,1,1,1,1,1,0,2,1,0,2,2,2,1,2,1,0,2,2,0,2,2,0,1,2,2,2,2,2,2,2,2,2,0,1,2,0,2,2,2,2,2,2,2,2,1,1,1,2,1,1,0,2,2,1,1,1,1,1,1,1,1,1,b1,2,1,1,1,2,1,0,2,2,0,2,1,2,0,2,1,0,2,2,1,2,0,2,2,1,2,2,1,2,2,1,1,0,1,1
1,1,1,1,1,1,0,2,1,1,1,1,2,2,2,1,2,1,1,b3,b2,2,1,1,2,1,0,1,1,2,1,2,0,0,2,0,0,1,1,1,1,1,1,1,1,1,1,1,1,1,0,1,0,0,1,2,2,0,2,1,b4,2,2,2,1,2,0,1,0,1,0,2,0,1,1,2,2,0,0,0,0,2,2,0,2,0,2,1,0,2,1,2,2,0,1,1,1,2,2,2,2,2,2,1,1,1,1,2,1,2,1,1,0,0,2,1,1,1,1,1,1,1,1,1,b1,1,1,2,2,1,1,2,2,0,2,2,1,1,2,2,2,1,2,2,2,2,1,1,1,2,1,1,0,1,2,1,1,1,1,1
1,1,0,1,1,0,2,1,2,2,1,1,1,0,2,2,0,2,1,a3,b2,0,1,1,1,2,2,2,1,2,1,0,1,0,2,1,1,1,0,0,1,1,1,1,1,1,1,1,1,0,1,1,1,1,0,1,0,1,0,0,a4,2,1,1,1,2,1,2,1,1,2,1,2,2,0,2,1,2,0,2,2,0,1,2,0,2,2,2,2,2,2,0,2,2,2,0,1,1,0,1,1,0,2,1,1,1,2,0,2,0,1,2,1,2,2,0,1,1,1,1,1,1,1,1,b1,2,2,2,2,1,2,1,2,2,1,0,1,2,1,1,2,2,2,2,2,2,2,0,2,2,1,1,0,0,2,2,1,0,1,1
1,0,0,0,2,2,2,1,0,1,0,1,2,1,2,1,2,0,2,b3,b2,0,2,1,0,0,0,1,0,1,2,2,2,1,1,0,1,1,1,1,1,1,1,1,0,1,0,1,1,1,1,1,1,1,1,2,1,1,2,0,a4,1,0,2,2,1,2,2,1,0,1,2,1,0,1,1,2,2,2,1,1,2,1,2,2,2,2,2,2,2,1,0,2,1,2,0,2,2,2,1,1,1,2,1,1,0,1,2,1,1,1,1,1,2,2,1,1,0,1,1,1,1,1,1,a1,1,0,2,0,0,2,2,0,2,2,1,0,2,2,2,1,2,2,2,1,0,1,0,2,1,2,1,2,0,0,2,2,1,1,1
1,0,1,1,2,2,2,1,2,1,1,2,2,2,0,2,2,1,0,b3,b2,1,2,2,1,1,0,1,2,2,1,1,2,1,0,0,1,1,1,1,1,1,1,1,1,1,1,1,1,1,1,1,1,1,1,2,1,2,0,0,a4,1,1,0,1,0,1,2,1,2,2,1,2,2,2,0,0,2,1,2,2,1,2,2,2,0,2,0,2,2,2,1,1,2,1,0,0,2,2,0,2,1,2,1,2,2,0,0,2,2,1,2,2,2,0,0,1,1,0,1,1,0,1,1,a1,0,0,2,2,2,2,1,0,2,2,2,0,2,2,0,2,2,0,2,0,2,2,2,2,1,0,0,1,0,2,2,2,0,1,1
0,1,0,1,1,2,0,1,2,1,1,0,0,2,1,2,0,1,2,b3,b2,0,2,0,2,2,2,1,1,1,2,1,1,1,1,1,1,1,0,1,1,0,1,1,1,0,1,0,1,1,1,1,0,0,1,0,2,0,0,2,a4,0,1,2,2,1,1,0,2,1,2,1,1,2,0,2,2,2,2,2,0,1,2,1,0,0,0,2,2,2,1,2,1,2,0,1,2,1,0,0,2,2,2,1,1,1,0,2,1,2,0,1,1,1,1,1,1,1,1,1,1,0,0,1,a1,1,1,2,1,1,2,1,2,2,2,1,2,1,2,2,1,0,1,0,2,2,0,2,1,2,1,0,0,2,1,1,2,0,0,1
0,1,1,1,0,2,1,2,2,2,2,2,2,2,1,2,2,2,1,b3,b2,1,2,2,1,1,1,0,2,0,1,2,2,2,0,1,0,1,1,0,1,1,1,0,1,1,1,1,1,0,1,1,1,1,1,1,2,1,2,1,b4,2,1,1,2,1,0,1,2,2,1,0,0,2,2,1,2,1,1,2,1,2,2,2,2,1,1,1,1,2,0,0,1,1,1,2,1,1,1,1,1,2,1,2,1,2,0,0,0,1,2,1,0,1,2,1,1,1,1,1,1,0,0,1,a1,0,0,0,1,2,1,2,2,2,2,1,1,1,1,2,0,1,1,1,1,2,2,1,1,1,2,1,1,1,1,1,0,1,1,0
1,1,1,1,2,0,1,2,1,0,2,1,1,1,1,1,1,2,1,b3,a2,2,1,1,0,0,2,1,1,0,2,0,0,1,2,0,1,1,1,1,1,1,1,1,1,1,1,0,1,1,1,1,1,1,1,2,1,1,2,2,a4,1,0,2,2,2,2,1,2,2,1,0,1,2,1,0,2,1,1,2,1,1,2,0,2,0,1,2,0,2,1,0,1,1,1,1,1,1,1,2,1,2,2,2,0,2,1,0,1,2,0,1,1,0,2,1,0,1,1,1,1,1,1,1,a1,1,2,2,0,2,1,2,1,0,2,1,2,1,0,1,1,2,2,0,1,1,1,1,1,0,2,2,2,2,1,0,1,1,1,1
1,0,0,1,1,2,0,1,0,1,1,1,0,1,1,2,1,2,2,a3,b2,1,1,2,2,1,1,2,2,1,1,1,2,0,1,1,1,1,0,1,1,0,0,1,1,1,1,1,1,1,1,0,0,1,1,1,2,0,1,1,b4,1,2,2,0,1,0,2,2,1,2,1,2,1,0,1,2,1,1,1,1,2,2,0,2,0,2,0,0,1,1,2,2,1,0,1,2,1,1,2,1,1,1,2,0,0,1,2,2,1,1,1,2,1,1,1,1,1,1,1,0,0,0,0,a1,0,1,2,0,1,0,1,1,1,1,1,1,0,2,1,1,1,1,1,1,1,1,1,0,2,2,2,2,1,1,0,1,1,1,1
1,1,1,1,2,1,0,0,1,1,0,2,2,1,2,2,1,1,1,b3,b2,1,1,1,1,2,0,1,1,2,1,0,0,1,1,1,1,1,1,0,1,1,1,1,1,1,0,1,1,1,1,1,0,1,1,2,0,1,1,1,a4,1,2,0,0,2,2,1,2,1,0,2,1,2,1,1,2,2,2,1,0,1,2,1,1,1,2,0,2,0,1,1,1,0,0,0,0,2,1,1,0,2,1,1,1,2,2,1,1,1,2,1,0,0,2,1,1,1,1,0,1,1,1,0,a1,1,2,2,2,1,2,1,2,1,1,2,1,2,1,1,2,0,1,2,2,2,2,2,2,2,0,1,2,0,0,1,2,1,0,1
1,1,1,1,2,1,2,0,2,2,1,1,1,2,1,0,1,1,1,a3,b2,1,2,2,2,1,2,2,1,2,1,2,1,1,2,1,0,1,1,1,1,1,1,0,1,1,1,0,1,1,0,1,1,1,1,1,1,2,2,1,a4,1,0,1,2,2,1,0,2,1,1,0,1,1,2,1,2,2,1,2,1,1,1,2,1,2,0,2,2,1,0,2,2,1,1,1,1,1,2,2,2,2,2,1,1,1,0,2,2,2,2,1,1,2,1,1,1,1,0,1,0,1,1,1,a1,1,2,2,0,1,0,2,0,1,0,2,1,1,0,0,1,2,2,1,2,2,1,2,1,0,0,2,0,1,0,0,1,1,1,1
1,1,1,1,1,2,2,2,0,2,0,0,2,1,1,2,2,1,2,a3,b2,2,2,2,0,2,2,2,2,0,2,1,0,2,0,1,0,1,1,1,1,1,1,1,0,1,1,1,1,0,1,0,0,1,0,1,2,0,1,1,a4,2,2,2,0,1,1,0,1,1,2,1,1,2,2,2,1,1,2,1,0,1,0,1,2,2,1,2,1,2,2,1,2,0,1,2,1,2,0,1,2,2,0,1,1,1,0,1,2,1,1,1,2,2,1,0,1,0,1,0,1,1,1,1,a1,1,0,0,1,1,1,2,2,1,1,1,1,1,1,1,0,2,1,2,1,1,1,1,2,2,1,1,2,2,1,2,2,0,1,1
0,1,1,1,0,1,2,0,1,2,1,2,1,2,2,1,2,1,1,b3,a2,2,2,1,0,1,2,2,0,2,1,0,0,0,2,1,1,0,1,0,1,1,0,1,1,1,1,1,1,1,1,1,1,1,1,2,1,1,2,1,b4,2,2,1,2,2,2,2,0,1,2,1,2,1,0,2,1,2,0,2,1,2,1,1,2,2,1,0,1,0,2,0,2,0,2,0,1,1,1,0,1,0,2,2,1,0,2,1,0,0,1,0,0,2,2,0,1,1,1,1,1,1,1,1,a1,1,2,1,2,2,0,1,1,2,1,0,1,1,2,2,0,1,1,0,1,0,2,1,0,2,2,1,1,0,2,2,2,0,1,1
1,1,1,1,1,1,1,1,0,1,1,2,2,0,2,1,2,1,1,a3,b2,2,1,1,1,1,2,1,0,0,2,2,2,2,2,1,1,1,0,1,1,0,1,1,1,1,1,1,1,1,1,1,0,1,1,1,2,2,1,1,a4,0,2,2,1,1,2,2,1,2,1,1,1,1,2,2,1,2,1,2,1,2,0,0,0,1,2,2,1,2,0,0,2,2,2,0,1,1,1,1,2,0,0,1,1,1,2,1,2,2,1,0,1,1,1,1,1,1,1,1,1,1,0,1,a1,1,1,1,0,2,2,1,0,1,1,1,2,2,1,2,0,1,2,2,0,0,0,1,2,2,2,2,1,1,1,2,2,1,0,1
a3,a3,a3,a3,b3,b3,b3,b3,b3,b3,a3,b3,b3,b3,a3,a3,b3,a3,b3,a3,b2,2,1,1,0,2,0,1,2,1,2,2,1,2,1,0,1,1,1,1,1,1,1,0,1,1,1,1,1,1,1,1,1,1,1,0,1,2,0,1,a4,2,2,2,1,0,0,2,2,1,2,1,1,1,2,1,0,2,1,1,2,0,1,2,2,1,0,2,2,0,2,1,2,1,2,1,2,0,2,1,1,1,2,1,2,2,1,2,2,1,1,1,0,2,2,1,1,1,0,1,1,1,1,0,a1,1,0,0,2,2,1,2,2,2,1,2,1,1,2,0,1,2,1,2,0,1,0,0,2,2,0,2,0,0,0,1,1,1,1,0
1,1,0,1,0,1,1,1,2,1,2,1,1,2,0,1,1,0,0,0,b2,2,1,0,0,2,2,2,2,1,0,0,1,2,1,1,1,1,1,0,0,1,1,1,0,1,1,1,0,1,0,1,0,0,1,2,2,2,2,0,a4,0,2,2,1,0,2,1,2,2,2,1,0,0,0,2,0,0,1,2,2,2,2,1,2,2,2,1,0,0,1,0,2,2,0,1,2,2,2,0,2,1,1,1,2,2,2,0,1,1,0,2,1,2,2,1,1,1,1,1,0,0,1,0,a1,1,1,1,2,0,1,1,2,1,0,1,2,1,2,1,0,1,1,1,1,2,1,2,2,2,2,0,0,2,1,2,1,1,1,1
0,1,1,1,1,2,2,1,1,1,2,0,1,0,1,0,2,0,1,1,a2,2,2,1,1,1,1,0,2,0,0,1,1,2,2,0,1,1,1,0,1,1,0,1,1,1,0,0,0,0,1,1,1,1,1,2,2,2,2,2,a4,2,1,2,1,2,1,0,0,1,1,1,2,2,0,1,2,0,1,1,1,1,2,0,2,0,1,2,1,2,2,1,0,0,0,2,1,2,2,2,1,2,0,2,1,2,2,0,2,0,0,0,0,2,1,1,1,1,0,0,1,1,1,1,a1,1,2,0,1,2,0,1,0,2,2,2,2,2,2,1,2,1,1,2,2,1,2,0,1,2,1,1,1,1,2,2,0,1,1,1
1,1,1,1,1,0,1,0,1,1,1,1,1,1,2,2,0,2,0,0,a2,1,2,2,2,1,2,2,0,2,1,2,1,2,2,1,1,1,1,1,1,1,1,1,1,1,1,1,1,0,1,1,1,1,1,1,1,0,0,2,b4,1,1,1,2,2,1,1,1,2,2,2,1,1,1,2,1,1,2,2,2,1,2,1,2,1,1,0,2,1,1,1,0,0,1,2,2,2,2,2,0,2,2,1,0,1,2,2,1,0,2,1,0,0,2,0,1,1,1,1,1,0,1,1,a1,1,2,2,0,1,0,2,1,2,0,2,2,1,1,1,1,0,0,2,1,2,2,1,1,2,2,2,0,0,2,1,2,1,0,1
1,1,1,1,2,1,2,2,2,2,2,1,1,1,0,1,2,2,1,2,a2,1,1,0,2,2,0,2,1,2,0,1,1,0,0,1,1,1,1,1,1,0,1,1,1,1,1,1,0,1,1,1,1,1,1,2,2,0,2,1,b4,1,2,2,1,1,2,2,1,2,2,2,2,1,2,0,0,0,2,2,1,1,1,1,0,2,2,2,0,2,1,2,0,1,1,1,2,0,1,1,1,1,1,2,2,1,2,2,2,1,1,0,2,1,2,1,1,0,1,1,1,0,1,1,a1,1,1,2,0,1,2,2,0,0,2,1,2,2,2,0,2,1,1,1,2,2,2,1,2,2,1,2,2,1,2,1,1,1,1,0
1,0,0,1,1,1,0,1,1,1,1,2,2,2,2,2,1,1,1,2,a2,0,1,2,2,0,2,2,2,2,1,0,2,2,0,1,1,1,1,1,1,0,1,1,1,1,1,1,0,1,1,1,0,1,1,1,0,2,1,1,b4,1,2,1,2,2,1,2,1,1,1,1,1,2,1,0,2,1,2,2,1,1,2,2,1,1,0,1,0,1,2,2,2,1,1,2,1,1,2,2,2,2,2,2,2,2,0,2,1,1,2,2,2,1,1,1,1,1,1,1,1,1,1,1,a1,1,1,2,2,2,2,0,1,0,2,2,2,0,1,2,1,0,1,2,2,1,2,2,1,1,1,2,2,2,2,0,2,1,1,0
1,1,1,1,2,2,1,1,2,0,2,1,2,2,2,1,1,0,0,0,a2,2,1,2,1,0,2,1,1,0,0,1,2,2,1,0,1,1,1,1,1,1,1,1,1,1,1,1,1,0,1,0,0,1,1,1,0,0,1,2,a4,1,1,2,1,0,0,1,0,1,1,1,2,1,2,0,2,2,2,0,1,1,2,1,0,2,2,0,0,1,2,1,1,1,1,2,1,2,0,0,2,0,1,0,1,0,1,0,1,2,0,1,1,1,1,1,1,1,1,1,1,1,1,0,a1,0,2,0,1,2,0,2,2,0,2,2,0,2,1,1,1,1,1,2,0,2,0,1,0,1,0,1,2,1,2,2,0,1,1,0
1,1,1,1,1,0,2,1,0,1,0,2,0,2,2,1,0,1,1,0,a2,2,0,2,2,0,1,2,2,0,1,1,1,1,1,1,1,1,1,1,1,1,1,1,0,1,1,0,1,1,1,1,1,1,0,2,2,1,1,1,a4,1,1,1,1,1,0,1,2,2,2,0,1,2,2,1,2,2,1,2,1,1,2,1,2,2,1,1,1,2,0,2,2,0,1,0,1,1,1,2,1,0,2,1,1,2,2,1,2,1,0,2,1,0,1,0,1,1,1,1,1,1,1,1,a1,1,1,2,1,0,1,1,1,1,0,2,2,1,0,1,1,2,1,0,2,1,1,1,1,2,2,1,2,1,1,1,1,1,0,0
1,0,1,0,2,2,1,2,1,1,0,2,1,1,1,1,0,2,1,2,b2,2,1,2,1,0,0,1,1,1,1,1,0,0,0,1,1,1,1,0,0,1,0,1,1,0,1,1,1,1,1,1,1,0,1,2,1,1,0,1,a4,1,2,0,2,2,2,0,0,0,0,1,1,2,0,2,2,1,1,2,2,2,1,2,2,2,1,1,2,2,2,2,1,1,1,1,1,2,1,0,1,1,0,1,2,0,2,1,0,0,0,0,0,2,2,1,0,1,1,1,0,1,0,1,a1,1,1,0,2,2,1,1,2,1,2,0,2,2,2,1,2,2,1,2,1,2,2,0,0,0,2,2,2,1,2,0,0,1,1,1
1,0,1,1,1,0,2,1,1,2,2,1,0,0,1,1,2,2,2,2,a2,2,1,0,1,2,2,1,1,0,1,1,1,2,0,1,0,1,1,1,1,1,1,1,1,0,0,0,1,1,1,1,1,1,1,2,0,1,2,1,b4,1,2,2,1,1,1,2,2,1,1,1,2,2,1,1,2,2,2,2,2,2,2,1,1,0,1,0,1,1,1,2,1,1,1,1,2,2,2,0,1,1,2,2,1,1,2,2,1,1,2,1,1,1,1,1,1,1,1,1,0,0,0,1,a1,0,0,0,2,2,2,2,1,1,1,1,0,2,1,1,0,2,2,1,2,1,1,0,0,0,1,2,1,2,0,2,1,1,1,1
1,1,1,0,2,0,1,2,2,1,1,0,2,2,1,1,0,0,0,2,a2,2,2,0,2,0,2,2,1,1,2,2,2,2,1,1,0,1,1,1,1,1,0,1,1,1,0,0,1,1,1,0,1,1,1,1,0,0,0,2,b4,1,0,2,2,2,1,0,2,1,2,0,1,2,1,2,1,1,2,0,1,2,1,1,0,2,2,2,2,2,2,2,1,2,1,1,1,2,2,1,2,0,1,1,2,1,1,0,2,1,2,1,0,1,2,0,1,1,1,1,1,0,1,1,a1,1,1,1,1,0,1,2,1,1,2,2,2,0,0,0,1,1,2,1,2,1,0,1,1,2,0,2,1,2,1,0,2,1,1,1
0,0,0,1,2,2,1,0,1,2,1,2,0,1,0,1,2,1,2,0,b2,2,1,1,2,2,0,0,2,2,2,2,1,1,0,1,1,1,1,1,0,1,1,1,1,1,1,0,1,1,1,0,1,1,1,1,0,1,1,1,a4,1,0,0,1,1,0,1,1,1,1,1,1,1,1,1,0,1,0,1,1,1,1,0,2,0,0,0,0,1,0,1,2,2,0,2,1,2,2,1,2,2,1,1,0,2,2,0,2,0,1,2,0,2,2,1,1,1,1,1,1,1,1,0,a1,1,1,1,2,0,1,1,1,1,1,1,2,1,1,2,2,2,1,1,0,2,2,1,2,2,2,0,2,2,1,2,1,1,1,1
1,1,1,0,0,1,1,2,2,0,1,2,1,2,0,2,1,1,0,1,b2,0,1,2,0,1,2,1,1,1,1,1,0,0,0,1,0,1,0,1,1,1,1,1,1,1,1,1,1,0,1,1,1,1,0,1,1,1,1,1,a4,1,1,1,1,1,1,1,1,0,1,1,1,1,1,1,1,0,1,1,1,0,1,1,1,0,1,1,1,1,1,0,1,1,1,0,0,1,1,1,1,1,1,1,1,1,0,1,1,0,1,1,1,1,0,1,0,1,1,1,0,1,1,1,a1,1,1,1,1,1,2,2,2,0,0,2,1,2,1,2,1,1,2,0,1,2,1,0,2,2,2,1,2,1,2,1,1,0,0,1
1,1,0,1,2,1,1,1,2,0,1,0,1,0,1,2,1,2,1,1,b2,2,2,0,1,1,2,0,2,1,2,1,1,1,2,1,0,0,1,1,1,0,0,0,1,1,1,1,0,1,1,1,1,1,1,1,1,0,1,1,a4,1,0,1,0,1,1,1,0,1,0,1,1,1,1,1,1,0,1,0,1,1,0,1,1,1,1,1,1,1,1,0,0,0,1,1,1,0,1,1,1,1,0,1,0,1,0,0,1,0,1,1,0,1,0,1,0,1,1,1,1,0,1,0,a1,0,0,2,1,0,1,1,1,2,1,2,2,2,0,2,0,2,0,2,2,0,1,2,0,1,2,1,0,1,2,1,1,1,1,1
1,1,1,0,2,1,0,1,2,1,1,1,0,1,2,1,0,2,0,1,b2,2,1,2,1,0,2,2,2,1,1,0,2,1,2,1,1,1,1,1,1,0,1,1,1,1,1,1,1,1,1,1,1,1,1,0,1,1,1,1,a4,1,1,1,0,1,1,0,1,1,1,1,1,1,1,0,0,1,1,0,1,1,0,0,1,1,1,1,1,1,1,1,0,0,1,1,1,1,0,1,1,1,1,1,1,1,0,1,1,1,0,1,1,1,1,1,1,1,1,1,1,1,1,1,a1,0,1,2,2,0,0,0,1,2,2,1,1,2,1,2,1,1,1,1,1,1,2,2,2,0,2,1,1,1,0,0,1,1,0,1
1,1,1,1,1,2,0,0,1,1,2,1,1,1,1,2,2,1,2,2,b2,2,0,2,1,2,2,2,2,1,1,2,0,2,2,1,1,0,1,1,1,0,1,1,0,1,0,1,1,1,1,1,1,1,1,1,1,1,1,0,a4,1,1,0,1,1,1,1,1,1,1,1,1,0,1,1,0,0,1,1,1,1,1,1,1,1,1,1,1,1,1,1,1,0,0,1,1,0,1,0,0,1,0,1,1,0,1,0,1,1,1,1,0,0,0,1,1,0,1,1,1,1,1,1,a1,0,2,2,1,1,2,1,1,1,2,2,1,1,0,0,2,2,2,2,1,0,2,2,0,1,0,1,2,1,0,1,1,1,1,1
1,1,0,1,2,1,1,0,1,1,1,2,2,2,0,2,2,1,0,2,a2,1,0,2,0,0,0,1,1,1,1,2,1,2,2,1,1,1,1,1,1,1,1,1,0,1,1,1,0,1,1,1,1,1,1,0,1,1,1,1,a4,1,1,0,1,1,0,0,0,0,1,1,0,1,0,1,1,1,1,1,1,0,0,1,1,1,1,1,1,1,1,1,1,1,1,0,1,1,1,1,1,1,1,1,0,0,1,1,1,1,1,0,1,1,1,1,0,1,1,1,1,1,1,1,a1,1,2,2,1,2,1,2,0,1,1,2,1,2,1,2,2,2,1,2,2,0,0,2,1,1,1,0,2,0,2,1,1,1,1,1
0,1,1,1,0,1,2,1,1,1,1,0,1,2,1,1,0,2,1,2,b2,2,2,1,2,1,2,1,0,0,1,2,2,0,1,1,1,1,1,1,1,0,1,1,1,1,1,1,1,1,1,0,1,0,1,1,1,1,1,1,a4,1,0,0,1,1,1,1,1,1,1,1,1,1,1,0,1,1,1,1,0,0,1,1,0,0,0,1,1,1,1,1,1,1,1,1,1,0,0,1,1,0,1,0,1,0,1,1,0,1,0,1,1,1,1,1,1,1,1,1,0,0,1,1,a1,1,2,0,0,0,1,2,1,1,1,0,2,2,2,0,2,2,0,0,1,1,1,1,0,2,1,1,1,0,1,0,0,1,0,1
1,1,1,0,1,1,1,0,1,1,1,1,1,1,0,0,1,1,0,0,a2,1,1,1,1,0,1,1,1,1,1,0,1,1,0,1,1,1,1,1,0,0,1,0,1,1,1,1,1,1,1,1,1,1,1,1,0,1,1,0,a4,1,1,1,1,1,0,1,1,0,0,0,1,1,1,1,0,1,1,1,1,1,1,0,1,1,1,1,1,1,1,1,0,1,0,1,0,1,1,1,1,1,1,1,0,0,1,1,1,1,1,1,1,1,1,1,1,1,0,0,0,1,1,0,a1,1,1,1,1,0,0,0,1,2,2,2,2,0,1,2,1,1,1,1,2,0,2,0,2,2,2,1,2,0,2,2,0,1,1,1
1,1,1,1,1,1,1,1,1,1,1,1,1,1,1,0,0,1,1,1,a2,1,0,1,1,1,1,1,1,1,1,1,1,0,1,1,0,1,1,0,1,1,0,1,1,1,1,1,1,0,1,1,1,1,1,1,1,1,1,0,a4,1,1,1,1,1,1,1,1,1,1,0,1,1,1,1,1,0,1,0,1,1,1,1,1,1,1,1,1,1,1,1,1,1,1,1,1,1,1,0,1,0,1,0,1,0,0,1,0,1,1,0,0,0,1,1,0,0,1,0,0,0,1,1,a1,1,0,0,1,1,1,0,0,1,1,0,1,1,1,1,1,0,1,1,1,1,1,1,0,0,1,1,1,1,0,1,1,1,0,1
1,1,1,1,1,1,1,1,1,1,1,1,1,1,1,1,1,1,1,1,a2,1,1,1,1,1,0,1,1,1,1,1,1,1,1,0,1,1,1,1,1,1,1,1,1,1,0,1,1,1,1,1,1,1,1,1,1,1,1,1,a4,1,1,1,1,1,0,1,1,1,1,1,1,1,1,1,1,1,0,1,1,1,1,0,1,1,1,1,0,1,1,0,1,1,1,1,1,1,1,0,0,1,1,1,1,1,0,1,1,1,1,1,0,0,1,1,0,1,0,1,0,1,1,0,a1,1,1,1,1,1,0,1,1,1,1,0,1,1,1,1,0,1,1,1,1,1,1,1,1,0,1,1,0,1,1,1,1,1,1,1
1,1,1,1,1,1,1,1,1,1,1,0,1,1,0,0,1,1,1,0,a2,0,1,1,0,1,1,0,1,1,0,0,1,1,1,1,1,0,1,1,1,1,1,1,1,1,1,1,1,1,1,1,1,1,1,1,1,1,1,1,a4,0,0,1,0,0,1,1,1,1,1,0,1,1,0,1,1,1,1,1,1,1,1,1,1,1,1,1,1,1,1,1,1,1,0,0,1,1,1,1,1,1,1,1,1,1,1,0,1,1,1,1,1,0,1,1,1,0,0,1,1,1,1,1,a1,1,1,1,1,1,1,1,1,1,0,1,1,1,1,0,1,1,1,1,1,1,0,0,1,1,1,0,1,1,0,0,1,0,1,1
1,0,1,1,1,1,1,1,1,1,0,1,1,1,1,1,1,1,0,1,a2,0,1,1,1,1,0,1,1,0,1,1,0,1,0,1,0,0,1,1,1,1,1,1,1,1,1,0,1,0,1,1,1,1,1,0,1,1,1,1,a4,1,1,1,1,0,1,1,1,1,1,1,0,1,1,1,1,1,0,1,1,0,1,1,0,1,1,1,1,1,0,0,1,0,1,1,1,1,1,1,1,1,1,0,1,1,1,0,1,1,0,1,1,0,1,1,1,1,1,1,0,1,1,1,a1,1,1,1,0,1,1,1,1,1,1,1,1,1,1,1,0,0,1,1,1,1,0,1,1,1,1,1,1,1,0,1,1,1,1,1
1,1,0,1,1,1,1,1,1,1,1,0,1,1,1,0,1,1,1,0,a2,0,1,1,1,0,0,1,1,1,1,1,1,1,1,1,0,1,1,1,1,1,1,1,1,1,1,1,1,0,1,1,0,1,1,1,1,1,1,1,a4,0,0,1,1,0,1,1,0,1,0,1,1,0,1,1,1,1,1,1,1,0,0,1,1,1,1,1,1,1,1,1,0,1,1,1,1,1,1,1,0,1,1,0,1,1,1,1,1,1,1,1,0,1,1,1,0,1,1,1,1,0,1,0,a1,1,1,1,1,1,0,1,1,0,1,1,1,1,1,1,0,0,1,1,1,1,1,1,1,1,1,1,1,1,1,1,1,1,1,1
1,1,1,0,0,1,1,1,1,1,1,1,1,0,1,1,1,1,1,1,a2,0,1,1,1,1,1,1,1,1,1,1,1,1,1,1,1,1,1,0,0,1,0,1,1,0,1,1,1,1,1,1,1,1,0,1,1,1,1,1,a4,1,1,1,1,0,1,1,0,1,1,1,1,0,1,1,1,1,1,1,1,1,0,0,0,1,1,1,1,0,1,0,1,1,1,1,1,0,0,1,1,1,1,1,0,1,1,0,0,0,1,1,1,1,1,1,1,0,1,1,1,1,1,1,a1,1,1,1,1,1,1,0,1,0,1,1,1,1,1,1,0,1,1,1,1,1,1,1,1,1,1,1,1,0,1,1,1,1,0,1
1,0,0,1,1,0,1,1,1,1,1,1,1,1,0,1,1,1,0,1,a2,1,0,1,1,0,1,1,1,1,1,1,0,1,1,1,1,1,1,1,1,1,1,1,0,1,1,0,1,1,1,1,1,0,0,1,1,1,1,1,a4,1,1,1,1,1,1,1,1,1,1,0,0,1,1,0,1,1,0,1,1,1,0,1,1,0,1,1,0,1,1,1,0,0,1,1,0,0,1,1,1,1,1,1,1,1,0,0,1,1,1,1,1,1,1,1,0,1,1,0,1,1,1,1,a1,1,1,1,1,1,1,1,1,0,1,1,1,1,1,1,1,0,1,1,1,1,1,1,1,0,1,0,1,1,1,1,0,1,1,1
1,1,1,0,0,1,1,1,1,1,0,1,1,1,1,0,1,1,1,1,a2,1,1,1,0,1,1,1,1,1,1,1,0,0,1,1,1,0,1,1,1,1,0,1,0,1,0,1,1,1,1,1,1,1,1,0,1,1,1,1,a4,1,1,1,1,1,1,1,1,0,1,1,1,1,1,0,1,0,0,1,1,0,1,1,0,1,1,1,1,1,1,1,1,0,1,1,0,0,1,1,0,1,1,1,0,0,1,1,1,1,1,1,1,1,1,1,1,1,1,1,1,0,0,1,a1,1,1,1,1,1,1,1,1,1,1,1,1,0,1,1,1,0,1,0,1,1,1,1,1,1,1,1,1,1,1,1,0,0,1,1
1,1,1,1,1,1,1,1,1,1,1,0,1,1,1,0,1,1,0,1,a2,1,1,1,0,1,0,1,1,1,1,1,1,1,1,1,1,1,1,1,1,1,0,0,0,1,1,1,1,0,1,1,1,0,0,1,1,1,1,1,a4,1,1,1,1,1,0,1,0,1,1,1,0,1,0,1,1,1,1,1,1,1,1,1,1,1,1,1,1,1,1,1,1,1,0,1,1,1,0,1,1,1,0,1,1,1,0,1,0,1,1,1,0,1,1,0,1,0,1,1,1,1,0,0,a1,1,0,1,1,1,0,1,0,1,0,1,1,1,1,1,1,1,1,0,0,1,1,1,0,1,1,0,1,1,1,1,1,0,0,1
1,1,0,1,1,1,1,1,0,1,1,1,1,1,1,1,0,1,1,1,a2,1,1,1,1,1,1,1,1,1,1,0,1,1,1,1,1,1,1,1,1,1,0,1,1,0,1,1,0,0,1,1,0,1,1,0,1,0,1,0,a4,1,0,1,1,1,1,1,1,1,0,0,1,1,1,1,1,1,1,1,1,1,1,1,1,1,1,1,1,1,0,0,1,1,0,1,0,1,0,1,1,1,1,1,1,1,1,1,1,1,1,1,1,1,1,1,1,1,1,1,1,1,1,1,a1,1,0,1,1,1,1,0,1,1,1,0,1,1,1,1,1,1,1,1,0,1,1,1,1,1,1,1,1,0,1,0,1,0,1,1
1,0,1,0,1,1,1,1,1,1,1,1,1,0,1,1,0,1,1,1,a2,a2,a2,a2,a2,a2,a2,a2,a2,a2,a2,a2,a2,a2,a2,a2,a2,a2,a2,a2,1,1,1,1,1,1,0,1,1,1,1,1,1,1,1,0,1,1,0,0,a4,0,1,1,1,1,1,1,1,0,0,0,1,1,0,1,1,1,1,1,1,1,0,1,1,1,1,1,0,0,1,1,1,1,0,1,1,1,1,1,1,1,1,1,1,1,1,1,0,0,1,1,1,0,1,0,1,1,1,1,0,0,1,1,a1,1,1,1,0,1,1,1,1,1,1,1,1,1,1,1,0,1,1,1,1,0,1,1,1,1,1,1,1,1,0,1,1,1,1,0
0,1,1,1,0,1,1,0,0,1,1,1,1,1,1,1,1,1,1,1,0,1,1,1,1,1,1,1,1,0,1,1,1,1,1,1,1,1,1,a2,1,1,1,1,1,1,1,0,1,1,0,0,1,1,1,1,1,1,0,1,a4,0,1,1,1,1,0,1,1,1,1,0,0,1,1,1,1,0,1,1,1,0,0,1,1,1,0,0,1,1,1,1,0,0,1,1,1,0,1,1,1,1,0,1,1,1,1,1,1,1,1,0,1,1,1,1,0,1,1,1,1,0,1,0,a1,1,1,1,1,1,1,0,1,1,1,0,1,1,1,1,1,1,1,1,1,1,1,1,0,0,1,0,1,1,1,1,0,1,0,1
0,1,1,0,1,1,1,1,0,1,1,1,1,1,1,1,1,1,1,1,1,0,1,0,1,1,0,0,1,1,1,0,1,1,1,1,1,1,0,a2,1,1,1,1,0,1,1,1,0,1,0,0,1,0,1,1,1,0,1,1,a4,1,1,1,0,1,1,1,0,0,1,1,1,1,1,1,1,1,0,1,1,1,1,1,1,1,0,1,1,1,1,1,1,0,1,1,1,0,1,1,1,1,1,1,0,1,1,1,0,1,1,1,1,1,1,1,1,1,1,1,1,1,0,1,a1,1,1,0,1,1,0,1,1,1,1,1,1,0,1,1,1,1,1,1,1,1,1,1,1,1,1,1,0,1,1,1,0,1,1,1
1,1,1,0,1,1,0,1,0,1,1,0,1,1,0,1,0,0,0,0,0,1,1,0,1,1,1,1,1,1,0,1,1,1,1,1,1,0,0,a2,1,1,1,1,1,1,0,1,1,1,0,1,1,1,1,1,1,0,1,0,a4,1,1,1,0,1,1,1,0,1,1,1,1,1,0,0,0,0,0,0,1,1,1,1,1,1,1,1,1,1,1,1,1,1,1,1,1,1,1,1,1,1,1,0,1,0,0,1,0,1,1,1,1,1,1,1,1,1,0,1,0,1,1,1,a1,1,1,1,1,1,1,1,1,1,0,1,1,1,1,0,1,0,1,0,1,1,1,0,1,1,1,0,1,1,1,1,1,1,1,0
0,1,1,1,0,1,1,1,1,1,0,1,0,1,0,1,1,1,0,1,1,1,0,0,1,1,1,0,1,1,1,1,1,1,0,1,1,1,1,a2,1,1,1,1,0,1,1,1,1,1,1,1,1,1,0,1,1,1,1,1,a4,0,1,1,1,1,1,1,1,0,1,1,1,0,1,1,1,1,1,1,1,1,1,1,0,1,1,1,1,1,1,1,1,1,1,1,1,0,0,1,1,1,1,1,1,1,0,0,1,1,0,1,0,1,1,1,1,1,1,0,1,1,1,1,a1,1,0,1,1,1,1,1,1,1,1,1,1,1,1,1,1,1,0,1,1,1,0,1,1,0,1,1,1,1,0,0,1,1,1,1
0,0,1,1,1,0,0,1,1,0,1,1,1,1,0,1,1,1,1,1,1,1,0,1,0,1,1,1,1,1,1,1,1,0,0,1,1,1,1,a2,1,1,0,1,1,1,1,0,1,1,0,1,1,1,1,1,1,1,1,1,a4,1,1,1,1,0,1,0,0,1,1,1,1,1,0,1,1,1,1,0,1,1,1,1,1,1,0,1,1,1,1,1,1,1,1,0,1,0,1,1,1,1,1,0,1,1,1,1,1,1,1,1,1,1,1,0,1,1,1,1,1,1,1,1,a1,0,1,1,1,1,0,1,1,1,1,1,1,1,1,0,1,1,1,1,1,0,1,1,1,1,1,0,1,0,0,1,1,0,0,0
